"A": 0,
    "B": 0.7853981633974483,
    "C": 1.5707963267948966,
    "D": 2.356194490192345,
    "E": 3.141592653589793,
    "F": -2.356194490192345,
    "G": -1.5707963267948966,
    "H": -0.7853981633974483,
    "I": 0,
    "J": 0.7853981633974483,
    "K": 1.5707963267948966,
    "L": 2.356194490192345,
    "M": 3.141592653589793,
    "N": -2.356194490192345,
    "O": -1.5707963267948966,
    "P": -0.7853981633974483,
    "Q": 0,
    "R": 0.7853981633974483,
    "S": 1.5707963267948966,
    "T": 2.356194490192345,
    "U": 3.141592653589793,
    "V": -2.356194490192345,
    "W": -1.5707963267948966,
    "X": -0.7853981633974483,
    "Y": 0,
    "Z": 0.7853981633974483